16
0   -1  0   -1  0   -1  0   -1  0   0   0   0   0   0   0   0
0   0   0   0   0   0   0   0   0   0   0   0   0   0   0   0
0   1   1   1   1   1   1   1   1   0   0   0   0   0   0   0
0   -1  0   -1  0   -1  0   -1  0   0   0   0   0   0   0   0
0   0   0   0   0   0   0   0   0   1   0   0   0   0   0   0
1   0   -1  0   -1  0   -1  0   -1  0   0   0   0   0   0   0
-1  1   0   1   0   1   0   1   0   -2048   0   0   0   0   0   0

0   1   49  3   51  5   53  7   55  9   10  11  12  13  14  15
16  17  33  19  35  21  37  23  39  25  26  27  28  29  30  31
32  18  34  20  36  22  38  24  40  41  42  43  44  45  46  47
48  2   50  4   52  6   54  8   56  57  58  59  60  61  62  63

0   1   1   1   2   0   8   1   8   0   0   0   0   0   0   0
0   2   2   4   4   16  1   256 256 0   0   0   0   0   0   0
0   2   0   4   0   1   0   256 0   0   0   0   0   0   0   0
0   1   0   2   0   8   0   8   0   2048    0   0   0   0   0   0